4.075951416937042548e-01
-2.145889355163727030e-02
3.854497146290966070e-01
4.003150585241088688e-01
2.537840593662251676e-01
4.136537731128206996e-01
1.066669972296458158e-01
5.956874368837104805e-02
-1.431026723585773243e-02
-1.339860603428888741e-01
2.401942104869632388e-01
5.395021401384125781e-02
2.051331978517045157e-02
-2.073988347200623333e-02
-1.410984578292667213e-01
-1.256482571556819527e-01
-1.525546256863489214e-01
-7.841881177074978837e-02
-6.124854031674136640e-02
-8.157116539312392334e-02
-1.031357367637059930e-01
-9.652570386116807177e-02
1.039558563505183983e-02
1.694320564499900150e-02
3.138528804537423222e-01
2.400964192441431833e-01
-2.320854218924896517e-01
3.011489085807914079e-01
-4.125833056553902117e-02
2.917059306177851585e-01
-1.109113784286209770e-01
-2.217007591183725035e-01
1.390405198384498352e-02
7.953944751030237459e-01
-7.997444858062048578e-02
-5.690321999763404692e-01
-1.331969866202539210e-01
-1.207924220043616881e-01
-1.542378873880476398e-01
-9.394032730538313947e-03
-2.071483869911881423e-02
3.756785232846488465e-01
-9.120659840970656018e-02
-1.560356580419923200e-01
-1.302299605470562671e-01
-2.775247209859849074e-01
-6.853540630524736221e-02
3.368178490808957926e-01
5.457124818769159419e-02
4.067611983412453697e-02
4.141476661997969821e-02
-3.481657496813200109e-02
-1.417417834478184036e-01
7.178683561579676242e-01
-3.398042840716712920e-01
-1.528117556437639246e-01
-4.050271834223234668e-01
-2.535720856491490705e-01
2.213437047806475211e-01
-4.747831084787146327e-02
2.526066638445734550e-02
-1.553826855894845649e-01
-5.545304462216293917e-02
1.449831437542804247e-01
1.177244101594925041e-02
2.070562559174818351e-02
-4.360792669009599075e-03
-3.491508146855134415e-02
5.836617130690741756e-03
-3.975741830121874709e-02
-1.157874183224359699e-02
-3.361935467791284798e-02
1.890104329661664723e-02
1.809690806687998602e-02
1.848173768881945095e-02
4.322871685744552987e-03
-3.240375240372918991e-02
-2.465816907642723321e-02
-4.524886877828039090e-03
-1.319584919334916041e-02
9.720745712882632519e-03
1.953584115557037426e-03
3.929139457043158423e-02
2.676522138265230097e-02
-1.635203135903333512e-03
2.743063385917524077e-02
-1.907498136019633583e-02
2.229242290674503593e-02
-8.567957829161500921e-03
-1.110065366263081055e-01
-2.718820206488567134e-02
-2.170548420120908470e-02
-2.141160054648713271e-02
2.320838717775700402e-02
-1.182562003472364433e-02
-2.551164380378173613e-02
-3.590514142075383608e-02
-1.169597858620797051e-04
-7.414965415815009953e-03
2.995011750699509354e-02
-7.535220780852378009e-03
-1.745532031570665513e-02
5.860697345389832141e-02
-2.500255885410744214e-02
1.770709491493186599e-02
8.549974154636477350e-03
