-1.334926058471095356e-01
4.324883125325419166e-03
-1.177178703457911618e-01
-1.247248804431119323e-01
-8.850457131020461610e-02
-1.264767621970493694e-01
-3.469777202312444159e-02
-1.556695292775958119e-02
4.505474122735834280e-03
5.382386143542664675e-02
-8.101241876679164677e-02
-2.300155461964287912e-02
-1.114177163483291363e-02
7.395491641268582203e-03
3.392349938588080233e-02
3.945179573524640326e-02
4.157409729710279112e-02
2.344355308387410450e-02
2.231982982727812384e-02
2.197096771006578145e-02
3.668445852089408793e-02
2.980908118472483381e-02
-1.154585273316593823e-03
-3.904068335014854087e-03
-1.003813594342957138e-01
-7.206893611915062003e-02
7.188478227370308227e-02
-1.023663168615207286e-01
9.939759135143765370e-03
-8.331792914452010312e-02
3.936619918008278651e-02
7.401945902648025821e-02
-9.595631851152374575e-03
-2.472925305641225924e-01
2.645402766022316235e-02
1.729350672380056131e-01
4.245156799197807862e-02
3.704856640681103430e-02
5.579457843571855591e-02
2.957709670446962476e-03
1.015922846226324956e-02
-1.222937895574064682e-01
2.610753167631281457e-02
4.418514585981386800e-02
3.966215633377771776e-02
8.785387514580278445e-02
1.569910591740313402e-02
-9.985336538689426611e-02
-1.455969165190964393e-02
-1.356919131171938596e-02
-2.060782545019198761e-02
1.745609208134650536e-02
3.414361393625552077e-02
-2.226726385897618843e-01
1.031088638304433203e-01
4.328424574314076317e-02
1.271976544228699268e-01
8.276401841658273528e-02
-6.917920613277524222e-02
1.632741650323622784e-02
-4.215549388746004159e-05
4.907489344124048303e-02
1.568026803856396520e-02
-4.959991111741399866e-02
-1.456813276166153692e-03
-1.108380875648089757e-02
-5.098372392288513626e-03
1.314570041252170925e-02
-8.227468339378861536e-04
1.564715497364645852e-02
3.645643617464032222e-03
9.787272677752721639e-03
-2.602313876010054188e-03
-5.479004316778031316e-04
-6.925798125177714919e-03
-1.043107936036267655e-02
1.464565469635162667e-02
3.180149865821353151e-03
5.390965818109553359e-03
-2.806952869539070558e-04
-1.249273546347964446e-03
3.025559175919070691e-03
-8.813727972833777444e-03
-3.776140867334714345e-03
-1.441845570403085634e-03
-3.792054507028369808e-03
1.217641191944546925e-02
-8.259718900201785605e-03
3.111284253371072572e-03
3.735270226466212706e-02
1.082762530853870024e-02
5.179348291264203145e-03
8.789117346622715710e-03
-3.831656301169788885e-03
1.382613590868793981e-03
-6.958392333765570830e-04
3.687929634003633394e-03
-1.261546855123914929e-03
2.334912440319392678e-03
-3.275376730593683190e-03
-3.060189986981754623e-03
7.022775444263237507e-03
-2.392598828811487444e-02
2.221249612947904031e-02
-1.024843822383651954e-03
1.683488845582951877e-03
