1.684845740276532944e-01
1.035451045945346912e-02
1.074606990073473378e-01
3.565718153672866597e-01
1.022626501041284525e-01
1.564655072621769782e-01
1.408786334086218131e-02
-1.531602989907334539e-02
-5.713504843003133771e-02
-5.534439515480252952e-02
-3.162765242843716684e-02
-5.185082966909196345e-02
1.759203926693528597e-01
-2.074497265243213911e-03
-1.411203363550332379e-01
-1.046668621199091896e-02
-4.276377227066656406e-02
1.387365940441655787e-01
-1.122551332516242423e-02
-1.411067949677266842e-01
1.094053593254845497e-01
-1.198694705469345936e-02
-9.730519328941025434e-03
-1.317071010547606925e-02
1.302729483366970621e-02
-9.852958898219450409e-03
2.302685699691612090e-02
2.588644906493772074e-02
-2.688302656460550902e-02
-2.298308795555294159e-02
-1.465382729995492496e-02
-3.314450624693113245e-02
2.768457058484759953e-02
-3.543373654853909649e-03
2.531704598749508553e-02
2.178244922510185963e-02
-3.361145356720618600e-03
-1.804447736581099929e-02
-1.330335428000725857e-02
-4.033059762926622521e-02
-5.624716957085344228e-03
1.564641958301852057e-02
-2.026812609407443663e-02
5.055249741697639965e-02
1.551598821145861416e-02
1.074606990073473378e-01
4.808972412164441712e-02
8.933449045852104309e-02
5.421330993584531216e-02
4.736202005750716343e-02
-3.970788457300654384e-02
-3.125684067271513114e-03
2.167786274025267773e-02
6.004619573545825345e-02
1.408786334086218131e-02
-4.728323985465760632e-02
-1.531602989907334539e-02
-6.004851089224617910e-02
-5.713504843003133771e-02
-7.351982869832068834e-02
-3.860121223916962441e-02
-9.524409049743928768e-02
-5.534439515480252952e-02
-1.327365467602414362e-01
-1.107418321835308833e-01
-1.899450947971097550e-02
6.705661701238452635e-03
2.068006285676009526e-01
1.529601114923467287e-01
-1.978970943276633920e-01
1.912658387835557416e-01
-3.162765242843716684e-02
1.792505479940522117e-01
1.933997138052271497e-02
-5.185082966909196345e-02
1.990266293006128645e-02
1.759203926693528597e-01
-2.074497265243213911e-03
-1.411203363550332379e-01
-4.659881873607791408e-03
-2.112805183737730824e-02
-3.437689220179924315e-02
-1.046668621199091896e-02
-5.254272600356214157e-02
2.360207432657239479e-01
-6.946076952958590844e-02
-9.474278647907034834e-02
-1.319876837464225849e-01
-1.707992504861160499e-01
-4.276377227066656406e-02
1.763600003773405922e-01
5.883369735155820346e-02
7.834731813648898591e-02
2.438798736944549836e-02
-7.477416916936532876e-02
-5.994919404602210011e-02
1.387365940441655787e-01
-1.122551332516242423e-02
-8.283637874987190286e-02
-1.411067949677266842e-01
-7.990662109454038653e-02
1.094053593254845497e-01
-2.413225808528087976e-02
2.463683613390106955e-02
-4.326561665877344531e-02
-5.475064765367985281e-02
4.679675133681885507e-02
-1.198694705469345936e-02
1.907124398556740361e-02
-9.730519328941025434e-03
-1.317071010547606925e-02
1.302729483366970621e-02
-2.153284737048364803e-02
3.153278933281281754e-02
-9.852958898219450409e-03
-3.218171882772131315e-02
2.302685699691612090e-02
2.588644906493772074e-02
3.725095754576195767e-02
-2.688302656460550902e-02
-2.298308795555294159e-02
-2.138213239790083542e-03
-8.568674586287211570e-03
-1.465382729995492496e-02
-3.314450624693113245e-02
1.060660215366791316e-02
2.768457058484759953e-02
-3.543373654853909649e-03
1.356386556949346067e-02
2.531704598749508553e-02
2.178244922510185963e-02
-3.361145356720618600e-03
-1.905684030328240464e-02
-2.995546992436847258e-02
-1.181079940080853770e-02
-2.198484052697911861e-02
-1.804447736581099929e-02
2.532013141954152051e-03
-1.330335428000725857e-02
-8.684649832161710215e-03
-4.033059762926622521e-02
-5.033088353068716769e-02
-5.624716957085344228e-03
-3.457497386901379338e-03
-3.338982683491844433e-02
1.564641958301852057e-02
-2.026812609407443663e-02
-3.361145356720618600e-03
3.504131119547516243e-02
