1.210708928821351282e+00 0
8.420444441966171700e-01
1.166159066293475544e+00 2
5.475523526580317935e+00 3
1.714266579501659393e+00 4
1.807497876730807196e+00 5
5.606315807711867438e-02
7.166764476641547255e-01
1.320275483521114734e-01
7.671958732297867734e-01
2.308954901747137939e-02
-1.277795861095705865e+00 11
-1.144394850456492974e-01
-1.421910651757853028e+00 13
-6.361621912775305976e-01
-1.088944436522601755e+00 15
-4.579023635723392660e-01
2.746347230519667337e-01
5.285035265338838828e-01
-1.103394792466768637e+00 19
-5.491452096977763597e-01
-4.638634739925155404e-01
-6.270808020194735821e-01
-7.172183891734795758e-01
4.733406669304117687e-01
2.041880530902884516e-01
3.692233629569742770e-01
8.627320287164059742e-01
-1.522683931524032586e+00 28
-4.428446000564835727e-01
6.094582367756609109e-01
-2.675011935927736673e+00 31
-6.657143326029792973e-01
5.759233776383576142e+00 33
-1.495727817020674477e+00 34
-3.224544795130050545e+00 35
-7.313383832569479992e-01
-7.070630773673647340e-01
7.995870616673637077e-01
-3.249405036098022670e+00 39
6.629706158207682165e-01
8.750663546296886253e-01
-3.931453898008378522e-01
-8.907714897841643165e-01
-3.746361172342850265e-01
-4.341052611110685078e-02
-2.618741277382266919e+00 46
-4.460538452708496804e-01
5.389192870848187322e-01
-1.348213345915980077e-02
1.809759078543305977e-01
9.351934572125170098e-02
-6.269843252982809645e-01
-1.876063176067118921e+00 53
2.874285075256560518e+00 54
-4.854618342736213843e-01
-2.787722495698790492e+00 56
2.222940541306677620e+00 58
3.545547197229115266e-01
-4.417503329109080945e-01
-5.984030395434157823e-01
2.621374676421120986e-01
-3.146669941730981801e-01
2.794301281539193216e-01
-2.679138859045472998e+00 64
3.377687494737761087e-01
-1.263604307408823679e+00 66
-2.010421630455581976e+00 67
-9.885490817647381023e-01 68
-3.880815372800230922e-01
2.801731483155617264e-01
-1.458805921026556263e+00 71
-5.737398100253690014e-01
-1.535825023817971369e+00 73
1.293044680351617126e+00 74
2.923722124983877957e-01
-2.512596929554160585e+00 76
1.946480615393337388e+00 77
4.174692975357058300e-02
-5.673757284085051422e-02
1.217456495190020416e+00 80
5.202744877916623878e+00 81
-6.970394978075042935e-01
2.362643852417655843e+00 83
-1.664102194542691260e+00 84
-4.884848574055294934e-01
-1.216928080468636209e+00 86
-2.830623869040845619e+00 87
1.538866996487600891e-01 88
-4.090879068124539941e-01
-3.303615239884276078e-01
2.002563486515417102e-01
-5.004425168061820139e-01
1.610382633165977628e+00 93
-7.672481747965226306e-01
-1.774726296594102415e+00 95
2.116041243554377116e-01
-1.480624788874672859e+00 97
-5.618483571183946479e-01
-1.431798202660796937e+00 99
2.287252657588160765e-01
-3.127765527347389773e-02
2.031214170507186889e+00 102
-1.965533512580695419e+00 103
-2.779474600192216593e-01
2.168623444276948087e-01
